# CUDA SGEMM 优化实战：从零开始的手把手推导

> 基于 [wangzyon/NVIDIA_SGEMM_PRACTICE](https://github.com/wangzyon/NVIDIA_SGEMM_PRACTICE)
> 演示规模: M=N=K=16, seed=2024, dtype=float32

---

## 目录

1. [问题定义与演示数据](#1-问题定义与演示数据)
2. [K1: Naive 全局内存实现](#2-k1-naive-全局内存实现)
3. [K2: 共享内存缓存 (SMEM Caching)](#3-k2-共享内存缓存-smem-caching)
4. [K3: 一维线程 Tile (1D Thread Tile)](#4-k3-一维线程-tile-1d-thread-tile)
5. [K4: 二维线程 Tile (2D Thread Tile)](#5-k4-二维线程-tile-2d-thread-tile)
6. [K5: 寄存器缓存 (Register Caching)](#6-k5-寄存器缓存-register-caching)
7. [K6: Float4 向量化加载](#7-k6-float4-向量化加载)
8. [K7: 双缓冲 (Double Buffering)](#8-k7-双缓冲-double-buffering)
9. [汇总对比与结论](#9-汇总对比与结论)

---

## 1. 问题定义与演示数据

**问题:** 计算 C = A × B, 其中 A∈R^(16×16), B∈R^(16×16), 所有元素为 float32。

**随机种子:** 2024。**验证脚本:** `02-wangzyon-sgemm-practice.py`

### 1.1 矩阵 A (16×16)

| | col0 | col1 | col2 | col3 | col4 | col5 | col6 | col7 | col8 | col9 | col10 | col11 | col12 | col13 | col14 | col15 |
|---|---|---|---|---|---|---|---|---|---|---|---|---|---|---|---|---|---|
| row0  | +1.668047 | +0.737348 | -0.201538 | -0.150912 | +0.916052 | +1.160330 | -2.619962 | -1.325295 | +0.459989 | +0.102052 | +1.053553 | +1.624043 | -1.500635 | -0.277832 | +1.193995 | +0.861815 |
| row1  | -0.417046 | -0.249536 | +0.943677 | -0.766311 | +0.208229 | +1.408723 | -1.489104 | -1.475809 | +0.990846 | -0.883230 | -0.366184 | -1.534705 | -0.351576 | +0.639918 | +0.689239 | +0.757252 |
| row2  | -1.430550 | -0.428879 | -0.685012 | -0.125641 | +1.144587 | +0.327210 | -0.136727 | +0.179194 | +0.968977 | +0.005870 | +0.590505 | -0.392476 | +0.035911 | -0.330755 | +0.808776 | +0.053311 |
| row3  | -1.318902 | -1.079781 | -0.375968 | +0.148727 | +1.814919 | +0.552499 | -0.539225 | +0.927051 | +1.198887 | +0.017968 | +1.015882 | -1.184307 | +1.764119 | -0.767863 | +0.261160 | -1.485867 |
| row4  | +0.463913 | +0.684096 | -2.386889 | -0.007486 | -0.546921 | +0.474892 | -1.531453 | +1.922597 | -0.145692 | -0.303147 | -0.909575 | +1.007705 | +1.596536 | -1.290273 | -0.508358 | +0.932236 |
| row5  | +0.495239 | -0.797325 | +0.248951 | +0.996028 | -0.898414 | +0.535344 | +1.082091 | +0.092564 | -0.635431 | +0.591991 | -0.458402 | +2.398315 | -1.003963 | +0.325215 | +1.399436 | -0.447429 |
| row6  | -1.227299 | -1.103294 | -0.847868 | -0.545588 | +0.087218 | +0.103866 | +0.689942 | +0.470593 | -1.610504 | +1.128167 | -0.704946 | -1.632167 | +0.401283 | -0.144978 | -0.619825 | -0.504577 |
| row7  | +0.918630 | -0.020659 | -0.172833 | +0.217536 | -1.306740 | +0.081266 | -0.247325 | +0.811308 | +0.109680 | +1.894525 | +0.590201 | +0.183388 | -0.628734 | -1.111288 | -0.952018 | +1.777770 |
| row8  | +0.553782 | -0.360762 | +1.281794 | -2.051288 | -0.884802 | -0.203525 | -2.605410 | +1.625780 | +1.472884 | -0.505142 | +0.044535 | -0.190272 | +1.303239 | +0.887007 | +0.052803 | +2.459863 |
| row9  | -0.944187 | -0.387030 | +0.519533 | +0.373261 | +0.691718 | -0.051923 | +1.094018 | +0.960528 | +0.960824 | +0.264371 | +1.108261 | -0.596448 | +1.604432 | +0.442297 | +0.652969 | -1.446661 |
| row10 | -1.415031 | -1.266174 | +1.426812 | -0.366918 | -0.882267 | +0.181204 | -2.510603 | +2.699504 | +1.639399 | -0.060588 | -0.226123 | +0.572910 | +0.430849 | +0.334185 | -0.091089 | +0.635320 |
| row11 | +0.236781 | -0.382232 | -0.575319 | +1.076821 | +0.073142 | -0.068158 | -0.787388 | -0.470650 | -0.182936 | -0.240324 | +0.338694 | +0.164999 | -0.096111 | -0.257979 | -0.182941 | +1.040223 |
| row12 | -0.088315 | +1.845563 | +1.108249 | -1.015762 | -1.035529 | +2.204111 | -1.017864 | -2.273763 | +1.070531 | +2.105159 | -0.272036 | +0.319926 | -0.426242 | +0.996632 | +1.089346 | -3.330632 |
| row13 | +0.515182 | -0.988884 | +1.118780 | -1.248396 | +0.299473 | -0.183379 | -0.712050 | -1.383062 | -1.364935 | -0.479867 | -0.650413 | +1.869695 | -0.165967 | +0.642603 | -1.022042 | -0.974130 |
| row14 | -0.772790 | +0.319053 | -0.505197 | -0.856243 | +0.360627 | -0.665567 | -0.625713 | -1.347156 | -0.567370 | -0.770157 | -0.991536 | +0.310192 | -0.365971 | +0.255715 | +1.261306 | +1.026527 |
| row15 | -1.811665 | +0.113372 | -0.778779 | -0.157798 | +0.984529 | +0.318224 | -0.162694 | -0.186053 | +0.005670 | -1.466342 | -0.152610 | +1.133054 | -0.777847 | -0.005586 | +1.172371 | +1.960245 |

### 1.2 矩阵 B (16×16)

| | col0 | col1 | col2 | col3 | col4 | col5 | col6 | col7 | col8 | col9 | col10 | col11 | col12 | col13 | col14 | col15 |
|---|---|---|---|---|---|---|---|---|---|---|---|---|---|---|---|---|---|
| row0  | -2.121906 | -0.379492 | -0.975288 | -0.698482 | +1.294038 | +0.018040 | -0.082970 | -0.934793 | +1.256729 | -0.641477 | -0.264491 | +0.387645 | -0.380684 | +0.173169 | -0.192854 | -0.218756 |
| row1  | -1.272751 | -0.259943 | +2.421090 | -0.429024 | -0.504206 | +0.156416 | +0.062057 | -0.982531 | -0.660525 | -0.800774 | -0.066367 | -1.524468 | +0.339379 | -0.422039 | +0.076605 | -0.155265 |
| row2  | +0.035271 | -1.348111 | +0.818176 | +0.256997 | -1.057818 | -0.861481 | -2.352751 | -0.294401 | -0.277500 | +0.394859 | -3.420736 | -2.931391 | +0.930929 | +0.877641 | +0.145770 | -1.541280 |
| row3  | -0.190189 | +1.838132 | +0.167330 | -0.366141 | -0.594321 | -1.651111 | +0.228129 | +2.424720 | -0.719931 | -0.337331 | +0.561606 | -1.519097 | +0.626829 | +0.005858 | -1.283389 | +0.037644 |
| row4  | +1.787201 | -0.505549 | -1.507614 | +0.758032 | -0.947795 | +1.064663 | -0.326119 | +1.288969 | -0.157885 | -0.761012 | +0.272380 | -0.234464 | -1.171528 | -0.144852 | -1.242369 | -1.616351 |
| row5  | +0.145493 | +0.041845 | +1.543175 | -1.080766 | -0.005039 | -1.008341 | +0.853203 | +0.788693 | +0.321597 | +1.959021 | +1.381138 | -0.511052 | +0.640881 | -0.327150 | +0.077056 | -1.061444 |
| row6  | -0.040039 | +1.683743 | -0.737539 | -1.631134 | -0.404632 | -0.081332 | +0.095073 | -0.671680 | -0.515179 | +1.749511 | +0.606396 | +0.028637 | -0.393582 | -1.848136 | +1.989241 | -0.657417 |
| row7  | -0.462968 | +1.744504 | +0.776269 | +0.506474 | -1.546685 | +0.354349 | -0.713559 | +2.171472 | +0.128055 | +0.834753 | +0.053072 | +1.362781 | +0.255415 | -1.267657 | -2.271713 | +0.148391 |
| row8  | -0.861732 | +2.044880 | +1.085789 | +0.170269 | +1.119605 | -0.656724 | -2.792275 | -0.656572 | +0.324590 | -1.890423 | -0.112632 | +0.692154 | -1.205221 | +0.147991 | +0.694187 | -0.205370 |
| row9  | +2.147434 | -0.948235 | +0.287772 | -0.144943 | +0.349859 | -0.374925 | +0.845307 | +0.747073 | -1.438662 | -0.873414 | -1.073567 | +0.219821 | +0.346130 | +1.082670 | +1.029666 | +0.585661 |
| row10 | +0.299733 | +0.430530 | +1.297176 | -1.304760 | -0.568661 | -1.421255 | +3.069929 | +0.423126 | -0.549825 | -1.838103 | -1.192269 | -0.464045 | +1.414630 | +1.514150 | +1.271194 | -0.147499 |
| row11 | -0.999005 | +1.788671 | +0.656865 | -0.005499 | -0.328826 | +0.909404 | -0.798314 | -0.703994 | -0.387326 | +1.514449 | +0.040952 | +0.759983 | +1.669241 | -0.546691 | -0.901648 | -1.581590 |
| row12 | -1.491146 | +1.023382 | +0.482855 | +1.612817 | -0.602469 | -1.533594 | -1.005649 | +0.844550 | -0.687538 | -0.792675 | -1.092569 | +0.352216 | +0.789708 | -0.019590 | -1.337408 | -1.120664 |
| row13 | +1.245359 | +0.305701 | -0.424874 | -1.290310 | +0.169718 | +1.643314 | -0.766303 | -0.352160 | +0.004838 | -1.281590 | +1.218824 | +1.131975 | -2.328633 | +0.493045 | -2.319448 | +0.254476 |
| row14 | +1.186633 | +0.446776 | -0.292777 | +1.350480 | -0.222531 | -1.321596 | +0.012821 | -0.714778 | -0.430806 | +3.576134 | -0.079802 | -1.760059 | +0.213163 | -1.171638 | +2.076971 | -1.735323 |
| row15 | +0.417854 | +0.651354 | +0.542914 | +0.058607 | -1.647300 | +0.178941 | +0.120101 | +1.731161 | +1.341362 | +0.439882 | +1.143261 | -1.622031 | -0.483190 | +1.439487 | +1.481405 | +0.963144 |

### 1.3 参考结果 C = A × B (16×16)

| | col0 | col1 | col2 | col3 | col4 | col5 | col6 | col7 | col8 | col9 | col10 | col11 | col12 | col13 | col14 | col15 |
|---|---|---|---|---|---|---|---|---|---|---|---|---|---|---|---|---|---|
| row0  | +0.252883 | -4.291802 | +3.755299 | -0.154166 | +2.914610 | +0.177198 | +4.315460 | -3.066817 | +3.648598 | -0.044247 | +1.147491 | -5.602577 | +2.678391 | +6.429680 | +3.356707 | -3.750550 |
| row1  | +3.829909 | -6.987836 | +1.365348 | +1.603683 | +2.156889 | -1.574296 | -3.779741 | -2.414827 | +4.280562 | -0.633774 | +0.674627 | -6.551648 | -5.226218 | +5.068529 | +3.658575 | -0.574575 |
| row2  | +5.860036 | +2.724133 | +0.306650 | +2.856825 | -1.609352 | -1.824714 | +1.099675 | +3.425381 | -1.385872 | +0.507812 | +2.088284 | +0.330819 | -1.389432 | -0.692162 | +2.489717 | -1.788773 |
| row3  | +3.643023 | +2.849399 | -0.235255 | +6.345273 | -1.434875 | -6.260065 | -0.501418 | +7.406713 | -3.718134 | -5.033174 | -3.227159 | +3.715954 | +0.532062 | -1.199540 | -4.492021 | -4.555824 |
| row4  | -9.680964 | +6.941833 | +4.639685 | +6.123959 | -1.739950 | +0.617061 | +0.726456 | +7.006684 | +2.937330 | +1.205166 | +6.929898 | +8.111827 | +4.040355 | -2.994047 | -8.368783 | +3.198212 |
| row5  | +0.830583 | +5.612067 | -1.403112 | -3.066543 | +0.508779 | -0.353883 | +0.014979 | -2.359551 | -2.114761 | +14.131632 | +1.736328 | -0.738284 | +4.680325 | -5.077626 | +1.956528 | -5.044365 |
| row6  | +7.512254 | -4.989611 | -5.621640 | +0.837916 | -0.669063 | +1.562809 | +5.922159 | +4.621289 | -2.273530 | +1.569314 | +2.203666 | +5.214536 | -1.849514 | -1.683961 | -0.684258 | +4.870964 |
| row7  | -1.525427 | +0.711942 | +4.819530 | -2.809523 | -0.800746 | -2.102584 | +4.917665 | +5.129920 | +1.659376 | -2.685278 | -1.180345 | -0.402346 | +4.200200 | +5.608389 | +5.498052 | +6.881738 |
| row8  | -4.438584 | -0.326373 | +6.454563 | +6.910678 | -3.047910 | +1.102582 | -10.790216 | +2.282282 | +7.319131 | -5.406832 | -4.894145 | +0.699078 | -2.497238 | +8.043465 | -4.423618 | +2.221157 |
| row9  | +2.180091 | +5.861426 | +1.062480 | +1.601384 | -2.301367 | -5.804440 | -2.632899 | +2.900187 | -5.679927 | -2.045046 | -5.118762 | +1.357323 | +0.497762 | -3.093022 | -2.192762 | -5.634248 |
| row10 | -0.217336 | +4.457305 | +7.260739 | +7.388061 | -4.282714 | -0.897242 | -11.519073 | +7.601490 | +1.881462 | -1.082773 | -5.154066 | +2.799331 | +1.909876 | +3.524840 | -9.489560 | +0.705274 |
| row11 | -0.252943 | +1.291139 | -0.485496 | +0.184179 | -0.749180 | -1.263686 | +3.367481 | +4.390926 | +1.821562 | -2.002608 | +2.834818 | -1.823465 | +0.854924 | +3.489012 | -0.338766 | +2.284048 |
| row12 | +2.608870 | -10.038260 | +8.108358 | -3.198940 | +10.940211 | -3.597369 | -1.994705 | -15.096066 | -7.095219 | -0.600550 | -6.693850 | -2.528607 | +2.272317 | +0.644759 | +4.083930 | -6.167363 |
| row13 | -0.869451 | -7.848537 | -5.291594 | -0.163485 | +2.968273 | +7.211569 | -2.895347 | -7.526077 | +1.104004 | +0.587932 | -3.822313 | +3.162784 | +1.491084 | +1.953756 | -5.859130 | -3.434050 |
| row14 | +3.592962 | -3.662488 | -3.202948 | +4.067949 | -0.269855 | +4.364419 | -0.753296 | -4.447989 | +1.888843 | +5.494133 | +4.028612 | -3.193134 | -3.130661 | -0.142815 | +3.824819 | -0.202809 |
| row15 | +4.632704 | +4.700800 | +0.838417 | +2.505153 | -5.879855 | +3.369550 | +0.429955 | +2.593204 | +2.400510 | +9.196345 | +8.438657 | -3.913971 | -1.166155 | -1.732765 | +3.018091 | -2.182307 |

---

## 2. K1: Naive 全局内存实现

### 2.1 核心思想

最直接的方式：每个线程计算 C 的一个元素。线程配置：

- `blockDim = (4, 4)` → 每 block 16 线程
- `gridDim = (4, 4, 1)` → 16 blocks
- 总线程数 = 16 × 16 = 256，恰好覆盖 16×16 的 C

每个线程执行： `C[row][col] = Σ(k=0..15) A[row][k] × B[k][col]`

### 2.2 计算访存比分析

**从第一性原理角度**：SGEMM 是典型的 memory-bound 问题。对于 M=N=K=N 的方阵：

- **计算量:** M×N×K = 16×16×16 = 4096 次 FMA（融合乘加）= 8192 FLOPs
- **全局内存访问（K1 无缓存复用）:**
  - A 读取: 256 threads × 16 elements = 4096 次
  - B 读取: 256 threads × 16 elements = 4096 次
  - C 写入: 256 次
  - 总流量: (4096+4096+256) × 4 bytes = **33,792 bytes**

```
算术强度 (Arithmetic Intensity) = 8192 FLOPs / 33792 bytes ≈ 0.242 FLOPs/byte
```

**0.242 意味着什么？** 每从内存读取 1 byte 数据，只做 0.242 次浮点运算。考虑到现代 GPU 的内存带宽（如 A100: ~2 TB/s）和计算能力（~19.5 TFLOPS），要达到计算饱和需要 ~9.75 FLOPs/byte。当前 0.242 远远不够——**被内存带宽严重限制**。

### 2.3 C[0,0] 的完整计算

线程 block(0,0), thread(0,0) 负责 C[0,0]:

```
C[0,0] = A[0,0]×B[0,0] + A[0,1]×B[1,0] + ... + A[0,15]×B[15,0]
```

逐项计算（每一行是一条 FMA）：

| k | A[0,k] | B[k,0] | 乘积 | 累加值 |
|---|--------|--------|------|--------|
| 0 | +1.668047 | -2.121906 | -3.539440 | -3.539440 |
| 1 | +0.737348 | -1.272751 | -0.938460 | -4.477900 |
| 2 | -0.201538 | +0.035271 | -0.007108 | -4.485008 |
| 3 | -0.150912 | -0.190189 | +0.028702 | -4.456306 |
| 4 | +0.916052 | +1.787201 | +1.637169 | -2.819138 |
| 5 | +1.160330 | +0.145493 | +0.168819 | -2.650319 |
| 6 | -2.619962 | -0.040039 | +0.104901 | -2.545418 |
| 7 | -1.325295 | -0.462968 | +0.613569 | -1.931849 |
| 8 | +0.459989 | -0.861732 | -0.396387 | -2.328236 |
| 9 | +0.102052 | +2.147434 | +0.219149 | -2.109087 |
| 10 | +1.053553 | +0.299733 | +0.315784 | -1.793302 |
| 11 | +1.624043 | -0.999005 | -1.622427 | -3.415730 |
| 12 | -1.500635 | -1.491146 | +2.237666 | -1.178063 |
| 13 | -0.277832 | +1.245359 | -0.346000 | -1.524063 |
| 14 | +1.193995 | +1.186633 | +1.416833 | -0.107230 |
| 15 | +0.861815 | +0.417854 | +0.360113 | **+0.252883** |

验证: C[0,0] = +0.252883 ✓

### 2.4 K1 的问题

每个线程独立地从全局内存读取所有需要的 A 和 B 元素。**同一元素被重复读取多次**——A[0,0] 被 Block(0,0) 的 16 个线程读取 16 次，还被 Block(0,1)、Block(0,2)、Block(0,3) 的线程读取，总共被读取 16×4 = 64 次（每个需要 A[0,k] 来算 C[0,*] 的线程）。

---

## 3. K2: 共享内存缓存 (SMEM Caching)

### 3.1 核心思想

**第一性原理**: 如果多个线程需要同一数据，在更近的存储层次缓存它。GPU 的共享内存（Shared Memory）是 block 内所有线程共享的片上 SRAM，延迟 ~20-30 cycles vs 全局内存的 ~300-500 cycles。

**参数:** BM=BN=BK=4, blockDim=(4,4), gridDim=(4,4)

将 K 维分成 4 步（BK=4），每一步：
1. Block 协作加载 4×4 tile 的 A 和 B 到共享内存（只从全局内存读一次）
2. `__syncthreads()` 确保所有数据就绪
3. 16 个线程从共享内存读取数据，计算偏微和

### 3.2 Tile 滑动模式

Block(0,0) 覆盖 C[0:4, 0:4]，K 方向分 4 步滑动：

```
K step 0: A[0:4,0:4] × B[0:4,0:4]   → partial C
K step 1: A[0:4,4:8] × B[4:8,0:4]   → partial C
K step 2: A[0:4,8:12] × B[8:12,0:4]  → partial C
K step 3: A[0:4,12:16] × B[12:16,0:4] → partial C

C[0:4,0:4] = Σ partial
```

### 3.3 详细计算：C[0,0]

**K step 0 (k=0..3):** 共享内存加载 A[0:4, 0:4] 和 B[0:4, 0:4]

A_smem (4×4):
```
[ +1.668047  +0.737348  -0.201538  -0.150912 ]
[ -0.417046  -0.249536  +0.943677  -0.766311 ]
[ -1.430550  -0.428879  -0.685012  -0.125641 ]
[ -1.318902  -1.079781  -0.375968  +0.148727 ]
```

B_smem (4×4):
```
[ -2.121906  -0.379492  -0.975288  -0.698482 ]
[ -1.272751  -0.259943  +2.421090  -0.429024 ]
[ +0.035271  -1.348111  +0.818176  +0.256997 ]
[ -0.190189  +1.838132  +0.167330  -0.366141 ]
```

偏微 C[0:4, 0:4] (k=0..3):
```
[ -4.456306  -0.830380  -0.031786  -1.477981 ]
[ +1.381559  -2.457631  +0.446457  +0.921457 ]
[ +3.581083  +1.346894  -0.224642  +1.053169 ]
[ +4.131331  +1.561420  -1.610659  +1.233404 ]
```

其中 C[0,0] 的偏微 = A[0,0]×B[0,0] + A[0,1]×B[1,0] + A[0,2]×B[2,0] + A[0,3]×B[3,0]
= 1.668047×(-2.121906) + 0.737348×(-1.272751) + (-0.201538)×0.035271 + (-0.150912)×(-0.190189)
= -3.539440 + (-0.938460) + (-0.007108) + 0.028702
= **-4.456306**

**K step 1 (k=4..7):** 偏微 C[0,0] = A[0,4]×B[4,0] + A[0,5]×B[5,0] + A[0,6]×B[6,0] + A[0,7]×B[7,0]
= 0.916052×1.787201 + 1.160330×0.145493 + (-2.619962)×(-0.040039) + (-1.325295)×(-0.462968)
= 1.637169 + 0.168819 + 0.104901 + 0.613569
= **+2.524457**

**K step 2 (k=8..11):** 偏微 = **-1.483880**

**K step 3 (k=12..15):** 偏微 = **+3.668612**

**最终 C[0,0]:** -4.456306 + 2.524457 + (-1.483880) + 3.668612 = **+0.252883** ✓

### 3.4 访存分析

K2 的全局内存读取:

- A: 16 blocks × 16 elements × 4 ksteps = 1024 次
- B: 16 blocks × 16 elements × 4 ksteps = 1024 次
- C 写入: 256 次
- 总流量: (1024+1024+256) × 4 = **9,216 bytes**

```
AI(K2) = 8192 / 9216 ≈ 0.889 FLOPs/byte  (K1 的 3.67 倍)
```

**为什么减少了？** 在 K1 中，A[0,0] 被 64 个线程各自从全局内存读取。在 K2 中，A[0,0] 被 block 的所有 16 个线程通过一次全局加载 + 共享内存广播共享。虽然不同 block 之间仍有重复，但 block 内部的重复被消除了。A[0,0] 从被读 64 次降到 4 次（4 个 block 各加载一次）。

---

## 4. K3: 一维线程 Tile (1D Thread Tile)

### 4.1 核心思想

**第一性原理**: 在 K2 中每个线程只负责 1 个 C 元素，每次 FMA 都要从共享内存读取。如果让每个线程负责多个 C 元素，就可以复用从共享内存加载的寄存器数据——一次加载，多次使用。

**参数:** BM=8, BN=8, BK=4, TM=4. blockDim=(8,2), gridDim=(2,2)

- blockDim.x=8 (N方向线程), blockDim.y=2 (M方向线程)
- 每个 M 方向线程计算 TM=4 个连续 C 元素（沿 M 方向展开）

**线程数:** 2×2×8×2 = 64 线程（vs K2 的 256）
**每线程工作量:** 4 个 C 元素（vs K1/K2 的 1 个）

### 4.2 线程映射

Block(0,0) 覆盖 C[0:8, 0:8] = 64 个元素:

| 线程 | 负责的 C 元素 |
|------|-------------|
| (ty=0, tx=0) | C[0,0], C[1,0], C[2,0], C[3,0] |
| (ty=1, tx=0) | C[4,0], C[5,0], C[6,0], C[7,0] |
| (ty=0, tx=1) | C[0,1], C[1,1], C[2,1], C[3,1] |
| (ty=1, tx=1) | C[4,1], C[5,1], C[6,1], C[7,1] |
| ... | ... |
| (ty=0, tx=7) | C[0,7], C[1,7], C[2,7], C[3,7] |
| (ty=1, tx=7) | C[4,7], C[5,7], C[6,7], C[7,7] |

### 4.3 寄存器级操作：thread(ty=0, tx=0)

该线程持有 4 行 A 数据和 1 列 B 数据（对于 kt=0）：

**reg_A (4×4) = A[0:4, 0:4]:**
```
reg_A[0] = [ +1.668047  +0.737348  -0.201538  -0.150912 ]
reg_A[1] = [ -0.417046  -0.249536  +0.943677  -0.766311 ]
reg_A[2] = [ -1.430550  -0.428879  -0.685012  -0.125641 ]
reg_A[3] = [ -1.318902  -1.079781  -0.375968  +0.148727 ]
```

**reg_B (4×1) = B[0:4, 0]:**
```
reg_B[0] = -2.121906
reg_B[1] = -1.272751
reg_B[2] = +0.035271
reg_B[3] = -0.190189
```

**FMA 计算（kt=0 偏微）：**

C[0,0] 偏微:
```
reg_A[0][0]×reg_B[0] = +1.668047 × -2.121906 = -3.539440
reg_A[0][1]×reg_B[1] = +0.737348 × -1.272751 = -0.938460
reg_A[0][2]×reg_B[2] = -0.201538 × +0.035271 = -0.007108
reg_A[0][3]×reg_B[3] = -0.150912 × -0.190189 = +0.028702
                                          Σ = -4.456306
```

C[1,0] 偏微:
```
reg_A[1][0]×reg_B[0] = -0.417046 × -2.121906 = +0.884933
reg_A[1][1]×reg_B[1] = -0.249536 × -1.272751 = +0.317598
reg_A[1][2]×reg_B[2] = +0.943677 × +0.035271 = +0.033285
reg_A[1][3]×reg_B[3] = -0.766311 × -0.190189 = +0.145744
                                          Σ = +1.381560
```

C[2,0] 偏微 = **+3.581083**（验证于脚本）
C[3,0] 偏微 = **+4.131331**（验证于脚本）

### 4.4 关键：B 列数据的复用

thread(ty=0, tx=0) 将 B[0:4, 0] 加载一次到寄存器，然后与 reg_A 的 4 行分别做点积——**一次加载，4 次使用**。这就是 Thread Tile 复用的本质。

### 4.5 访存分析

- A 读取: 4 blocks × 4 ksteps × 32 = 512 次
- B 读取: 4 blocks × 4 ksteps × 32 = 512 次
- 总流量: (512+512+256) × 4 = **5,120 bytes**

```
AI(K3) = 8192 / 5120 ≈ 1.000 FLOPs/byte  (K1 的 4.12 倍)
```

---

## 5. K4: 二维线程 Tile (2D Thread Tile)

### 5.1 核心思想

将 thread tile 从 1D 扩展到 2D：一个线程计算一个 TM×TN = 4×4 = **16 个 C 元素**。

**参数:** BM=8, BN=8, BK=4, TM=4, TN=4. blockDim=(2,2), gridDim=(2,2)

- 每个 block 只有 4 个线程！
- 每个线程负责 4×4=16 个 C 元素
- Block(0,0) 的 4 个线程覆盖 C[0:8, 0:8] = 64 元素

### 5.2 线程块划分

Block(0,0) 覆盖 C[0:8, 0:8]:

```
+-------------------+-------------------+
| Thread(0,0)       | Thread(0,1)       |
| C[0:4, 0:4]       | C[0:4, 4:8]       |
| 16 elements       | 16 elements       |
+-------------------+-------------------+
| Thread(1,0)       | Thread(1,1)       |
| C[4:8, 0:4]       | C[4:8, 4:8]       |
| 16 elements       | 16 elements       |
+-------------------+-------------------+
```

### 5.3 Thread(0,0) 的寄存器操作

持有 reg_A[4][4]（A[0:4, 0:4]）和 reg_B[4][4]（B[0:4, 0:4]），执行 4×4 矩阵乘法得到 16 个偏微值：

```
[ -4.456306  -0.830380  -0.031786  -1.477981 ]    C[0:4,0] 偏微
[ +1.381559  -2.457631  +0.446457  +0.921457 ]    C[0:4,1] 偏微
[ +3.581083  +1.346894  -0.224642  +1.053169 ]    C[0:4,2] 偏微
[ +4.131331  +1.561420  -1.610659  +1.233404 ]    C[0:4,3] 偏微
```

每列是一个独立的内积：reg_A 的行向量与 reg_B 的第 j 列做点积。

### 5.4 寄存器复用倍数

在 K4 中，reg_B[0][0]（=B[0,0]=-2.121906）被用于计算 C[0,0]、C[1,0]、C[2,0]、C[3,0]——**一次加载，4 次使用**。同理 reg_A[0][0] 被用于计算 C[0,0]、C[0,1]、C[0,2]、C[0,3]——也是 **1:4 复用**。

总复用率：每个从共享内存加载的 float 平均用于 **4 次 FMA**（2D tile 下是 TM×TN/BK = 16/4 = 4 倍）。

### 5.5 访存分析

K4 与 K3 相同的数据流（相同 SMEM tile 尺寸），所以 AI 相同：

```
AI(K4) ≈ 1.000 FLOPs/byte
```

但线程数减少（64→16），每个线程的寄存器压力增大，ILP（指令级并行）潜力增加。

---

## 6. K5: 寄存器缓存 (Register Caching)

### 6.1 核心思想

**第一性原理**: 在 K4 中，每次 FMA 的 operands 来自共享内存。共享内存虽快（~20-30 cycles），但寄存器更快（~0 cycles 延迟，如果编译器优化得当）。

K5 将每个线程需要的 As/Bs 片段显式加载到局部寄存器数组：

```cuda
float reg_A[TM][BK];  // reg_A[4][4] = 16 registers
float reg_B[BK][TN];  // reg_B[4][4] = 16 registers
```

然后对 reg_A 和 reg_B 执行 4×4×4 的 FMA 循环——所有操作数都在寄存器中。

### 6.2 内存层次

```
全局内存 (HBM)          ~300-500 cycles, ~1-2 TB/s
    ↓ 协作加载
共享内存 (SRAM)         ~20-30 cycles, ~10 TB/s (per SM)
    ↓ 寄存器加载
寄存器 (Register File)  ~0 cycles (编译器调度)
    ↓ FMA 指令
计算单元 (CUDA Core)    1 cycle per FMA (warp)
```

**关键洞察**: 数据从全局内存到共享内存，再加载到寄存器。一旦数据在寄存器中，后续 FMA 完全不受内存延迟影响——这是 "register tiling" 的本质。

### 6.3 K5 vs K4 的区别

| 方面 | K4 | K5 |
|------|----|----|
| SMEM 加载 | 隐式（编译器调度） | 不变 |
| FMA 操作数来源 | 共享内存 | 寄存器 |
| 编译器可优化性 | 中等 | 高（显式展开） |
| 计算访存比 | 1.000 | 1.000（数据量相同） |

K5 的改进不在访存比，而在**指令执行效率**——寄存器操作数让编译器更容易做指令重排和延迟隐藏。

---

## 7. K6: Float4 向量化加载

### 7.1 核心思想

CUDA 的内存总线宽度是 128-bit（32 bytes × 4 = 128 bits）。用 `float`（32-bit）加载每次只用总线容量的 1/4。`float4` 一次加载 128 bits = 4 个 float，充分利用总线。

```cuda
// K5: 4 次 32-bit 加载
smem[0] = global[0];
smem[1] = global[1];
smem[2] = global[2];
smem[3] = global[3];

// K6: 1 次 128-bit 加载
reinterpret_cast<float4*>(smem)[0] = reinterpret_cast<float4*>(global)[0];
```

### 7.2 具体示例

Block(0,0), kt=0 时加载 A[0:8, 0:4] 到共享内存。

用 float4 加载，每行 4 个 float 打包为一次加载：

```
float4(A[0,0], A[0,1], A[0,2], A[0,3])
 = float4(1.668047, 0.737348, -0.201538, -0.150912)

float4(A[1,0], A[1,1], A[1,2], A[1,3])
 = float4(-0.417046, -0.249536, 0.943677, -0.766311)
```

8 行 × 每行 1 次 float4 = **8 次事务**（vs K5 的 32 次）
4 列 B × 每列 1 次 float4 = **8 次事务**（vs K5 的 32 次）

### 7.3 效果

数据量相同，内存事务数减少 4 倍。对于 bandwidth-bound 的 SGEMM，更高的总线利用率直接转化为更短的加载时间。

---

## 8. K7: 双缓冲 (Double Buffering)

### 8.1 核心思想

**第一性原理**: Pipeline 化。加载和计算是两个独立的硬件单元（内存控制器 vs CUDA Cores）。如果让它们串行执行，总时间 = 加载时间 + 计算时间。如果让它们重叠，总时间 ≈ max(加载时间, 计算时间)。

双缓冲使用两套共享内存（PING 和 PONG），交替用于加载和计算。

### 8.2 Ping-Pong 时间线

Block(0,0) 在 4 个 K 步上的执行：

```
Step 0: [LOAD  A[0:8,0:4], B[0:4,0:8]  → PING]    (预加载，无计算)
         __syncthreads()

Step 1: [LOAD  A[0:8,4:8], B[4:8,0:8]  → PONG]    ←── 加载与计算重叠
         [COMPUTE with PING]                        ←── 计算 k=0..3 的偏微
         __syncthreads()

Step 2: [LOAD  A[0:8,8:12], B[8:12,0:8] → PING]   ←── 加载与计算重叠
         [COMPUTE with PONG]                        ←── 计算 k=4..7 的偏微
         __syncthreads()

Step 3: [COMPUTE with PING]                         ←── 计算 k=8..11 的偏微
         __syncthreads()

Final:   [COMPUTE with PONG?]                       ←── 或取决于实现
```

每次 `__syncthreads()` 确保当前缓冲的数据就绪，然后下一轮计算用当前缓冲、加载下一缓冲。

### 8.3 效果

```
AI(K7) ≈ 1.600 FLOPs/byte  (K1 的 6.61 倍)
```

K7 的计算访存比提升来自两方面：
1. 共享内存 + thread tile + 寄存器缓存（与 K3-K6 相同的复用）
2. 双缓冲重叠了加载延迟，使有效内存带宽利用率接近理论峰值

---

## 9. 汇总对比与结论

### 9.1 各 Kernel 对比

| Kernel | 全局内存流量 (bytes) | 计算访存比 (FLOPs/byte) | vs K1 | 关键优化手段 |
|--------|---------------------|------------------------|-------|------------|
| K1 Naive | 33,792 | 0.242 | 1.00× | 基准（无优化） |
| K2 SMEM | 9,216 | 0.889 | 3.67× | 共享内存缓存，块内复用 |
| K3 1D Tile | 5,120 | 1.000 | 4.12× | 1D Thread Tile (TM=4) |
| K4 2D Tile | 5,120 | 1.000 | 4.12× | 2D Thread Tile (TM=TN=4) |
| K5 Reg Cache | 5,120 | 1.000 | 4.12× | 显式寄存器缓存 |
| K6 Float4 | 5,120 | 1.000 | 4.12× | float4 向量化加载 |
| K7 DblBuf | 3,200 | 1.600 | 6.61× | 双缓冲延迟隐藏 |

### 9.2 优化路线图

```
       全局内存    共享内存    寄存器      向量化      双缓冲
K1 ──→ K2 ────→ K3 ────→ K4 ──→ K5 ──→ K6 ──→ K7
减少重复    Thread    2D Tile   寄存器    利用总线   重叠
读取       Tile                缓存      带宽      加载/计算
```

### 9.3 从第一性原理总结

SGEMM 优化的本质是：

1. **减少全局内存访问** (K1→K2)：同一数据被多个线程需要时，缓存到更近的存储层次
2. **提高数据复用** (K2→K3→K4)：一个线程一次加载的寄存器数据，用于多次 FMA
3. **利用硬件特性** (K5→K6→K7)：寄存器缓存减少指令延迟、float4 提高总线利用率、双缓冲隐藏加载延迟

这套优化方法的通用性：任何 memory-bound 的 GEMM-like 计算（卷积、Transformer 的 MatMul）都可以用相同的 tile-reuse-pipeline 范式优化。

---

*验证脚本: `02-wangzyon-sgemm-practice.py` — 所有数字均可重现*
